 &plot nbnd=  10, nks=    91 /
            0.353553 -0.353553  0.353553
   -3.554   -0.887    4.805    4.805    7.449    9.337    9.337   13.693   16.490   16.490
            0.335876 -0.335876  0.335876
   -3.588   -0.838    4.810    4.810    7.454    9.341    9.341   13.701   16.230   16.230
            0.318198 -0.318198  0.318198
   -3.684   -0.697    4.823    4.823    7.470    9.356    9.356   13.722   15.797   15.797
            0.300520 -0.300520  0.300520
   -3.824   -0.481    4.845    4.845    7.496    9.378    9.378   13.756   15.355   15.355
            0.282843 -0.282843  0.282843
   -3.992   -0.207    4.876    4.876    7.531    9.407    9.407   13.795   14.931   14.931
            0.265165 -0.265165  0.265165
   -4.173    0.111    4.916    4.916    7.577    9.440    9.440   13.827   14.534   14.534
            0.247487 -0.247487  0.247487
   -4.360    0.462    4.964    4.964    7.633    9.471    9.471   13.821   14.170   14.170
            0.229810 -0.229810  0.229810
   -4.544    0.841    5.021    5.021    7.698    9.497    9.497   13.721   13.846   13.846
            0.212132 -0.212132  0.212132
   -4.721    1.242    5.086    5.086    7.771    9.511    9.511   13.482   13.569   13.569
            0.194454 -0.194454  0.194454
   -4.890    1.661    5.159    5.159    7.853    9.506    9.506   13.134   13.346   13.346
            0.176777 -0.176777  0.176777
   -5.048    2.096    5.239    5.239    7.942    9.475    9.475   12.730   13.183   13.183
            0.159099 -0.159099  0.159099
   -5.193    2.543    5.326    5.326    8.036    9.416    9.416   12.301   13.082   13.082
            0.141421 -0.141421  0.141421
   -5.325    3.001    5.417    5.417    8.134    9.329    9.329   11.857   13.044   13.044
            0.123744 -0.123744  0.123744
   -5.442    3.464    5.512    5.512    8.234    9.218    9.218   11.407   13.063   13.063
            0.106066 -0.106066  0.106066
   -5.545    3.930    5.609    5.609    8.333    9.090    9.090   10.956   13.130   13.130
            0.088388 -0.088388  0.088388
   -5.632    4.393    5.703    5.703    8.425    8.956    8.956   10.510   13.232   13.232
            0.070711 -0.070711  0.070711
   -5.704    4.842    5.792    5.792    8.505    8.826    8.826   10.081   13.355   13.355
            0.053033 -0.053033  0.053033
   -5.760    5.262    5.870    5.870    8.563    8.711    8.711    9.687   13.483   13.483
            0.035355 -0.035355  0.035355
   -5.800    5.627    5.932    5.932    8.585    8.619    8.619    9.367   13.597   13.597
            0.017678 -0.017678  0.017678
   -5.824    5.888    5.973    5.973    8.561    8.561    8.563    9.168   13.677   13.677
            0.000000  0.000000  0.000000
   -5.832    5.986    5.986    5.986    8.540    8.540    8.540    9.107   13.705   13.705
            0.000000 -0.023570  0.000000
   -5.828    5.952    5.966    5.966    8.528    8.567    8.567    9.141   13.666   13.711
            0.000000 -0.047140  0.000000
   -5.813    5.851    5.907    5.907    8.493    8.643    8.643    9.238   13.553   13.727
            0.000000 -0.070711  0.000000
   -5.789    5.697    5.815    5.815    8.437    8.764    8.764    9.387   13.383   13.753
            0.000000 -0.094281  0.000000
   -5.756    5.501    5.700    5.700    8.362    8.921    8.921    9.569   13.174   13.790
            0.000000 -0.117851  0.000000
   -5.713    5.275    5.567    5.567    8.272    9.106    9.106    9.768   12.950   13.838
            0.000000 -0.141421  0.000000
   -5.661    5.028    5.424    5.424    8.169    9.314    9.314    9.963   12.732   13.896
            0.000000 -0.164992  0.000000
   -5.599    4.766    5.274    5.274    8.058    9.539    9.539   10.132   12.547   13.965
            0.000000 -0.188562  0.000000
   -5.528    4.494    5.122    5.122    7.941    9.778    9.778   10.243   12.429   14.045
            0.000000 -0.212132  0.000000
   -5.447    4.214    4.970    4.970    7.821   10.028   10.028   10.266   12.409   14.135
            0.000000 -0.235702  0.000000
   -5.357    3.929    4.819    4.819    7.699   10.193   10.287   10.287   12.497   14.236
            0.000000 -0.259272  0.000000
   -5.258    3.639    4.672    4.672    7.579   10.041   10.554   10.554   12.677   14.347
            0.000000 -0.282843  0.000000
   -5.150    3.348    4.529    4.529    7.461    9.839   10.827   10.827   12.922   14.468
            0.000000 -0.306413  0.000000
   -5.032    3.054    4.392    4.392    7.348    9.609   11.105   11.105   13.207   14.601
            0.000000 -0.329983  0.000000
   -4.906    2.759    4.260    4.260    7.239    9.368   11.389   11.389   13.519   14.744
            0.000000 -0.353553  0.000000
   -4.770    2.464    4.134    4.134    7.137    9.124   11.676   11.676   13.848   14.897
            0.000000 -0.377124  0.000000
   -4.626    2.168    4.016    4.016    7.042    8.883   11.967   11.967   14.188   15.061
            0.000000 -0.400694  0.000000
   -4.473    1.872    3.904    3.904    6.955    8.649   12.260   12.260   14.535   15.236
            0.000000 -0.424264  0.000000
   -4.311    1.577    3.800    3.800    6.876    8.425   12.557   12.557   14.885   15.420
            0.000000 -0.447834  0.000000
   -4.141    1.284    3.704    3.704    6.805    8.211   12.857   12.857   15.237   15.616
            0.000000 -0.471405  0.000000
   -3.963    0.991    3.615    3.615    6.745    8.010   13.159   13.159   15.589   15.821
            0.000000 -0.494975  0.000000
   -3.777    0.701    3.535    3.535    6.694    7.822   13.463   13.463   15.939   16.037
            0.000000 -0.518545  0.000000
   -3.582    0.412    3.463    3.463    6.653    7.647   13.769   13.769   16.263   16.286
            0.000000 -0.542115  0.000000
   -3.380    0.127    3.399    3.399    6.624    7.485   14.076   14.076   16.500   16.628
            0.000000 -0.565685  0.000000
   -3.170   -0.156    3.343    3.343    6.605    7.338   14.385   14.385   16.747   16.965
            0.000000 -0.589256  0.000000
   -2.953   -0.435    3.296    3.296    6.597    7.204   14.693   14.693   17.004   17.295
            0.000000 -0.612826  0.000000
   -2.729   -0.710    3.257    3.257    6.601    7.084   14.999   14.999   17.271   17.617
            0.000000 -0.636396  0.000000
   -2.497   -0.981    3.227    3.227    6.617    6.978   15.298   15.298   17.530   17.530
            0.000000 -0.659966  0.000000
   -2.259   -1.248    3.205    3.205    6.645    6.885   15.578   15.578   17.243   17.243
            0.000000 -0.683537  0.000000
   -2.015   -1.509    3.192    3.192    6.686    6.805   15.809   15.809   17.008   17.008
            0.000000 -0.707107  0.000000
   -1.765   -1.765    3.188    3.188    6.739    6.739   15.910   15.910   16.905   16.905
            0.017678 -0.707107  0.017678
   -1.767   -1.759    3.152    3.192    6.744    6.793   15.853   15.877   16.815   16.838
            0.035355 -0.707107  0.035355
   -1.775   -1.742    3.050    3.205    6.759    6.949   15.696   15.784   16.584   16.664
            0.053033 -0.707107  0.053033
   -1.788   -1.712    2.901    3.227    6.784    7.190   15.469   15.640   16.281   16.428
            0.070711 -0.707107  0.070711
   -1.808   -1.672    2.723    3.256    6.818    7.497   15.200   15.460   15.946   16.162
            0.088388 -0.707107  0.088388
   -1.837   -1.619    2.533    3.295    6.862    7.856   14.907   15.252   15.599   15.881
            0.106066 -0.707107  0.106066
   -1.876   -1.555    2.345    3.341    6.916    8.254   14.602   15.027   15.250   15.595
            0.123744 -0.707107  0.123744
   -1.928   -1.479    2.169    3.396    6.979    8.683   14.291   14.791   14.903   15.309
            0.141421 -0.707107  0.141421
   -1.995   -1.392    2.013    3.459    7.051    9.137   13.979   14.549   14.563   15.026
            0.159099 -0.707107  0.159099
   -2.079   -1.293    1.883    3.529    7.132    9.611   13.670   14.230   14.305   14.749
            0.176777 -0.707107  0.176777
   -2.180   -1.183    1.782    3.607    7.222   10.101   13.364   13.906   14.060   14.479
            0.170884 -0.683537  0.170884
   -2.183   -1.184    1.825    3.584    7.196    9.942   13.393   13.753   14.401   14.649
            0.164992 -0.659966  0.164992
   -2.266   -1.110    1.896    3.570    7.184    9.796   13.318   13.533   14.806   14.942
            0.159099 -0.636396  0.159099
   -2.408   -0.976    1.990    3.565    7.182    9.665   13.193   13.312   15.209   15.301
            0.153206 -0.612826  0.153206
   -2.583   -0.804    2.104    3.569    7.193    9.548   13.049   13.091   15.603   15.695
            0.147314 -0.589256  0.147314
   -2.776   -0.609    2.235    3.582    7.214    9.448   12.872   12.899   15.981   16.109
            0.141421 -0.565685  0.141421
   -2.977   -0.397    2.379    3.604    7.245    9.365   12.654   12.745   16.333   16.537
            0.135529 -0.542115  0.135529
   -3.180   -0.172    2.535    3.636    7.285    9.301   12.438   12.592   16.641   16.967
            0.129636 -0.518545  0.129636
   -3.383    0.063    2.702    3.677    7.332    9.257   12.225   12.439   16.881   17.232
            0.123744 -0.494975  0.123744
   -3.583    0.308    2.876    3.727    7.385    9.236   12.014   12.285   16.892   16.998
            0.117851 -0.471405  0.117851
   -3.778    0.562    3.057    3.786    7.440    9.239   11.805   12.130   16.516   16.767
            0.111959 -0.447834  0.111959
   -3.967    0.823    3.243    3.854    7.498    9.267   11.600   11.973   16.157   16.344
            0.106066 -0.424264  0.106066
   -4.150    1.093    3.432    3.931    7.555    9.322   11.398   11.811   15.818   15.903
            0.100173 -0.400694  0.100173
   -4.325    1.369    3.624    4.017    7.611    9.402   11.202   11.643   15.462   15.504
            0.094281 -0.377124  0.094281
   -4.491    1.652    3.817    4.112    7.665    9.503   11.013   11.467   15.025   15.216
            0.088388 -0.353553  0.088388
   -4.649    1.942    4.010    4.215    7.719    9.620   10.837   11.282   14.595   14.955
            0.082496 -0.329983  0.082496
   -4.799    2.238    4.202    4.326    7.773    9.739   10.683   11.088   14.176   14.723
            0.076603 -0.306413  0.076603
   -4.938    2.540    4.391    4.445    7.827    9.831   10.574   10.883   13.772   14.521
            0.070711 -0.282843  0.070711
   -5.069    2.847    4.571    4.578    7.884    9.850   10.548   10.669   13.390   14.347
            0.064818 -0.259272  0.064818
   -5.189    3.159    4.704    4.759    7.944    9.781   10.447   10.603   13.045   14.200
            0.058926 -0.235702  0.058926
   -5.300    3.474    4.842    4.934    8.007    9.660   10.219   10.681   12.760   14.078
            0.053033 -0.212132  0.053033
   -5.400    3.791    4.985    5.103    8.074    9.519    9.989   10.709   12.573   13.980
            0.047140 -0.188562  0.047140
   -5.490    4.110    5.131    5.263    8.143    9.374    9.759   10.638   12.518   13.902
            0.041248 -0.164992  0.041248
   -5.570    4.426    5.279    5.413    8.214    9.230    9.533   10.463   12.591   13.842
            0.035355 -0.141421  0.035355
   -5.639    4.738    5.425    5.550    8.284    9.092    9.315   10.221   12.752   13.796
            0.029463 -0.117851  0.029463
   -5.698    5.041    5.567    5.674    8.351    8.962    9.111    9.951   12.957   13.762
            0.023570 -0.094281  0.023570
   -5.746    5.326    5.698    5.780    8.413    8.842    8.926    9.685   13.175   13.739
            0.017678 -0.070711  0.017678
   -5.784    5.583    5.814    5.868    8.466    8.733    8.768    9.447   13.381   13.723
            0.011785 -0.047140  0.011785
   -5.811    5.793    5.906    5.933    8.506    8.638    8.646    9.262   13.551   13.713
            0.005893 -0.023570  0.005893
   -5.827    5.936    5.966    5.973    8.532    8.567    8.567    9.146   13.665   13.707
            0.000000  0.000000  0.000000
   -5.832    5.986    5.986    5.986    8.540    8.540    8.540    9.107   13.705   13.705
