   1.18745597413737      -6.994321284924720E-002 -1.429597256940480E-002
  2.314380059126320E-010  7.415590710935227E-011  1.737034107549913E-003
 -1.019866875955240E-011 -3.267792774656192E-012 -0.177274822301540     
 -8.342047677634135E-010 -5.504836857184170E-009  7.402905913278524E-009
  3.174818526130441E-009  0.144714145414658       6.985041191287511E-010
  4.589995515613676E-009 -6.152200297815380E-009 -2.643339250610333E-009
  1.464080146942408E-003  4.623950230762452E-004 -4.416798305608284E-013
 -1.415202709116907E-013 -6.078807248407069E-005 -2.622368375034445E-013
 -8.402426059886826E-014  4.850662596154224E-003  3.114203880395013E-011
  1.944748644484547E-010 -2.498972077446399E-010 -1.099615336936852E-010
 -4.126741427663211E-003 -2.602472774229040E-011 -1.620723311145707E-010
  2.077632250269135E-010  9.154626286634465E-011   1.16148598731963     
 -1.544841405715756E-009  4.412474498085130E-009 -0.152382596976273     
  1.061760183936588E-010 -2.896455201646673E-010  -2.85304521128094     
 -1.453125337867465E-009  6.574453384587193E-010  4.665796834880797E-009
  5.606506626509363E-009   2.29563809503183       1.176892557432235E-009
 -5.041972470840774E-010 -3.781378899476494E-009 -4.532958100525380E-009
   1.21659409273613      -7.429639036805880E-009  1.062785859751864E-010
 -0.160477979768421       4.900128436693962E-010 -4.842574730795635E-008
   1.57028791781943      -4.472867809468539E-008  -2.44337806024118     
  1.539073419577763E-008  3.917497987115937E-008  -1.26540102729202     
  3.616597778893782E-008   1.97060259458282      -1.245660896653789E-008
   1.21659410697559      -2.896126562309739E-010  4.900128462714815E-010
 -0.160477981646713       4.560459224492441E-008 -4.788474339267879E-010
   1.57028797746329      -6.423651646931053E-008   2.44337809672264     
 -3.659138774619874E-008  3.939382570150585E-010  -1.26540107519616     
  5.154475323908975E-008  -1.97060262433706       5.722558233951253E-003
 -8.466748144355881E-012  2.167667466508103E-011  0.208472136860151     
  1.092576458861663E-010 -4.960874843199363E-011 -3.368010759988773E-010
 -4.144941586483652E-010 -0.172267155651890      -9.033331776271032E-011
  4.190358732824245E-011  2.764642877963334E-010  3.422091152435285E-010
  6.046335296159340E-003 -3.692446766097660E-011  3.670979001682562E-009
 -0.116774265306681       3.379557981554593E-009  0.181532219543284     
 -1.168495964484068E-009 -3.045537392155212E-009  9.655397148157856E-002
 -2.802533679083230E-009 -0.150192118309732       9.697985249058905E-010
  6.046335366927834E-003 -3.270507408295598E-009  4.174249574467881E-011
 -0.116774269619358       4.611004536091839E-009 -0.181532222458204     
  2.692636694992187E-009 -3.510211912804984E-011  9.655397503584978E-002
 -3.796592259758952E-009  0.150192120744621        3.80742997473124     
 -2.383250051162119E-008  7.456775902238963E-008  1.259290576465929E-007
  8.817833062955593E-008  -6.16257912196823       2.026660560722116E-008
 -5.994659377696681E-008 -1.018209503526083E-007 -7.121570890323937E-008
   1.95996817171247      -1.677137207942328E-008  -2.23665770914321     
  8.349964966888077E-009  2.030395186395625E-008  -3.14249562612829     
  1.447146125646200E-008   1.83417606993534      -7.224573003535700E-009
   1.95996824806509       1.260590156654428E-008   2.23665777767668     
 -5.995283907693544E-008  1.443858565128147E-008  -3.14249574909085     
 -1.037894936919362E-008  -1.83417612683215        3.00227225294918     
 -1.912010712951107E-007 -1.018409959974154E-007   1.83280545914498     
 -1.040774637306452E-008  -4.84822765279516       1.543419205635166E-007
   3.00227234706245      -7.120521817310932E-008 -7.208033322991803E-009
  -1.83280551598839       1.543113034296884E-007  -4.84822780475533     
   2.50201919258548      -1.733765062487694E-008  4.834113389692849E-008
  8.258449182925079E-008  5.770371543845683E-008   1.26253971266899     
 -1.250443357520434E-008  -1.50920612423435       6.260638591791644E-009
   1.26253976232867       8.573682081344388E-009   1.50920617164067     
   1.96319551658109      -1.249614452053516E-007   1.96319557806677     
   1.18745597413737      -6.994321284924719E-002 -1.429597270701113E-002
 -2.314380037442276E-010 -7.415589062947925E-011  1.737034113613747E-003
  1.019866946428381E-011  3.267791907294454E-012 -0.177274820652217     
 -6.244928150989093E-010 -3.703557533568658E-009  4.540267172642443E-009
  2.052754216608221E-009  0.144714144167436       5.399194685090647E-010
  3.227863972637968E-009 -3.987466308530419E-009 -1.794831686052767E-009
  1.464080146942408E-003  4.623950233388554E-004  4.416800008144508E-013
  1.415202726057566E-013 -6.078807232815226E-005  2.622368006575113E-013
  8.402426737513184E-014  4.850662610781741E-003  3.300193245851096E-011
  2.104500527295126E-010 -2.752853824885756E-010 -1.199128987295142E-010
 -4.126741442969375E-003 -2.797091159763895E-011 -1.787886928620881E-010
  2.343292905635647E-010  1.019593261816082E-010   1.16148598719669     
 -1.958387587118349E-009  4.279968641385638E-009 -0.152382596965216     
  1.248752087031122E-010 -2.836540445615799E-010  -2.85304521060883     
 -1.356205664558512E-009  1.489917692133696E-009 -1.750906486657428E-010
 -3.640908398586801E-009   2.29563809457637       1.109055071802392E-009
 -1.086873969740606E-009 -1.816071794502706E-011  2.869885914297770E-009
   1.21659409273613      -7.429639008182942E-009  1.247726389439277E-010
 -0.160477979768421       4.900128454041197E-010  7.276369749092959E-008
   1.57028792694086       6.415607316234695E-008   2.44337801799914     
 -3.194828199215571E-008 -5.878747690903074E-008  -1.26540103462611     
 -5.182135239326091E-008  -1.97060256054249       2.579934547941587E-008
   1.21659410697559      -2.836869088165134E-010  4.900128462714815E-010
 -0.160477981646713      -1.269686063058717E-008 -3.384112774729164E-009
   1.57028792302124       1.063890032147741E-008  -2.44337812044044     
  1.007301686853368E-008  2.718990164962687E-009  -1.26540103162679     
 -8.353643042059711E-009   1.97060264344981       5.722558233809405E-003
 -8.943904565537052E-012  2.152378721851390E-011  0.208472136871010     
  1.093146983491195E-010 -4.911870318892592E-011 -7.621530975048022E-011
  2.337153795974635E-010 -0.172267155667136      -9.112693149946616E-011
  3.508699445849395E-011  7.105535496330575E-011 -1.900985000013866E-010
  6.046335296159339E-003 -3.692446760676649E-011 -5.480867617830426E-009
 -0.116774265969391      -4.824273778201993E-009 -0.181532216401960     
  2.399795938357041E-009  4.542030929317875E-009  9.655397202828794E-002
  3.997086673798722E-009  0.150192115712351      -1.987890157605782E-009
  6.046335366927834E-003  8.233280394259745E-010  2.455260638897783E-010
 -0.116774265800638      -6.252244696362125E-010  0.181532224221975     
 -6.692038232152669E-010 -2.024238480828611E-010  9.655397190039189E-002
  5.009783318439889E-010 -0.150192122202982        3.80742997398824     
  8.642496344336515E-008  1.917831753375912E-008  1.618846877791766E-007
  4.181130106334172E-008  -6.16257912110215      -7.045607487513842E-008
 -1.527605169793500E-008 -1.310060770982809E-007 -3.307459005789385E-008
   1.95996818014260       7.956386104111617E-008   2.23665762570911     
 -4.286578045685360E-008 -7.049247642976433E-008  -3.14249563988334     
 -6.481032001187518E-008  -1.83417600313423       3.488883930440529E-008
   1.95996819701497       1.242316026259290E-007  -2.23665770913804     
 -1.526384271362090E-008 -6.477744439438342E-008  -3.14249566639215     
 -1.011917324283714E-007   1.83417607177379        3.00227219278124     
 -1.384426210476741E-007 -1.309937662646865E-007  -1.83280539234387     
 -1.011629354175092E-007  -4.84822755415034       1.110627851214074E-007
   3.00227238084516      -3.308846639737961E-008  3.487229972842787E-008
   1.83280546093003       1.110934024564636E-007  -4.84822786014180     
   2.50201919237104       5.767377693581733E-008  1.214989525398923E-008
  1.063479260910747E-007  2.622193131658879E-008   1.26253971830341     
  5.295305517910887E-008   1.50920607063666      -2.848199926689688E-008
   1.26253972869586       8.271836080015496E-008  -1.50920612725704     
   1.96319547598220      -8.936217742172570E-008   1.96319560086197     
  0.000000000000000E+000  0.000000000000000E+000  0.000000000000000E+000
  0.000000000000000E+000  0.000000000000000E+000  0.000000000000000E+000
  0.000000000000000E+000  0.000000000000000E+000  0.000000000000000E+000
  0.000000000000000E+000  0.000000000000000E+000  0.000000000000000E+000
  0.000000000000000E+000  0.000000000000000E+000  0.000000000000000E+000
  0.000000000000000E+000  0.000000000000000E+000  0.000000000000000E+000
  0.000000000000000E+000  0.000000000000000E+000  0.000000000000000E+000
  0.000000000000000E+000  0.000000000000000E+000  0.000000000000000E+000
  0.000000000000000E+000  0.000000000000000E+000  0.000000000000000E+000
  0.000000000000000E+000  0.000000000000000E+000  0.000000000000000E+000
  0.000000000000000E+000  0.000000000000000E+000  0.000000000000000E+000
  0.000000000000000E+000  0.000000000000000E+000  0.000000000000000E+000
  0.000000000000000E+000  0.000000000000000E+000  0.000000000000000E+000
  0.000000000000000E+000  0.000000000000000E+000  0.000000000000000E+000
  0.000000000000000E+000  0.000000000000000E+000  0.000000000000000E+000
  0.000000000000000E+000  0.000000000000000E+000  0.000000000000000E+000
  0.000000000000000E+000  0.000000000000000E+000  0.000000000000000E+000
  0.000000000000000E+000  0.000000000000000E+000  0.000000000000000E+000
  0.000000000000000E+000  0.000000000000000E+000  0.000000000000000E+000
  0.000000000000000E+000  0.000000000000000E+000  0.000000000000000E+000
  0.000000000000000E+000  0.000000000000000E+000  0.000000000000000E+000
  0.000000000000000E+000  0.000000000000000E+000  0.000000000000000E+000
  0.000000000000000E+000  0.000000000000000E+000  0.000000000000000E+000
  0.000000000000000E+000  0.000000000000000E+000  0.000000000000000E+000
  0.000000000000000E+000  0.000000000000000E+000  0.000000000000000E+000
  0.000000000000000E+000  0.000000000000000E+000  0.000000000000000E+000
  0.000000000000000E+000  0.000000000000000E+000  0.000000000000000E+000
  0.000000000000000E+000  0.000000000000000E+000  0.000000000000000E+000
  0.000000000000000E+000  0.000000000000000E+000  0.000000000000000E+000
  0.000000000000000E+000  0.000000000000000E+000  0.000000000000000E+000
  0.000000000000000E+000  0.000000000000000E+000  0.000000000000000E+000
  0.000000000000000E+000  0.000000000000000E+000  0.000000000000000E+000
  0.000000000000000E+000  0.000000000000000E+000  0.000000000000000E+000
  0.000000000000000E+000  0.000000000000000E+000  0.000000000000000E+000
  0.000000000000000E+000  0.000000000000000E+000  0.000000000000000E+000
  0.000000000000000E+000  0.000000000000000E+000  0.000000000000000E+000
  0.000000000000000E+000  0.000000000000000E+000  0.000000000000000E+000
  0.000000000000000E+000  0.000000000000000E+000  0.000000000000000E+000
  0.000000000000000E+000  0.000000000000000E+000  0.000000000000000E+000
  0.000000000000000E+000  0.000000000000000E+000  0.000000000000000E+000
  0.000000000000000E+000  0.000000000000000E+000  0.000000000000000E+000
  0.000000000000000E+000  0.000000000000000E+000  0.000000000000000E+000
  0.000000000000000E+000  0.000000000000000E+000  0.000000000000000E+000
  0.000000000000000E+000  0.000000000000000E+000  0.000000000000000E+000
  0.000000000000000E+000  0.000000000000000E+000  0.000000000000000E+000
  0.000000000000000E+000  0.000000000000000E+000  0.000000000000000E+000
  0.000000000000000E+000  0.000000000000000E+000  0.000000000000000E+000
  0.000000000000000E+000  0.000000000000000E+000  0.000000000000000E+000
  0.000000000000000E+000  0.000000000000000E+000  0.000000000000000E+000
  0.000000000000000E+000  0.000000000000000E+000  0.000000000000000E+000
  0.000000000000000E+000  0.000000000000000E+000  0.000000000000000E+000
  0.000000000000000E+000  0.000000000000000E+000  0.000000000000000E+000
  0.000000000000000E+000  0.000000000000000E+000  0.000000000000000E+000
  0.000000000000000E+000  0.000000000000000E+000  0.000000000000000E+000
  0.000000000000000E+000  0.000000000000000E+000  0.000000000000000E+000
  0.000000000000000E+000  0.000000000000000E+000  0.000000000000000E+000
  0.000000000000000E+000  0.000000000000000E+000  0.000000000000000E+000
  0.000000000000000E+000  0.000000000000000E+000  0.000000000000000E+000
  0.000000000000000E+000  0.000000000000000E+000  0.000000000000000E+000
  0.000000000000000E+000  0.000000000000000E+000  0.000000000000000E+000
  0.000000000000000E+000  0.000000000000000E+000  0.000000000000000E+000
  0.000000000000000E+000  0.000000000000000E+000  0.000000000000000E+000
  0.000000000000000E+000  0.000000000000000E+000  0.000000000000000E+000
  0.000000000000000E+000  0.000000000000000E+000  0.000000000000000E+000
  0.000000000000000E+000  0.000000000000000E+000  0.000000000000000E+000
  0.000000000000000E+000  0.000000000000000E+000  0.000000000000000E+000
  0.000000000000000E+000  0.000000000000000E+000  0.000000000000000E+000
  0.000000000000000E+000  0.000000000000000E+000  0.000000000000000E+000
  0.000000000000000E+000  0.000000000000000E+000  0.000000000000000E+000
  0.000000000000000E+000  0.000000000000000E+000  0.000000000000000E+000
  0.000000000000000E+000  0.000000000000000E+000  0.000000000000000E+000
  0.000000000000000E+000  0.000000000000000E+000  0.000000000000000E+000
  0.000000000000000E+000  0.000000000000000E+000  0.000000000000000E+000
  0.000000000000000E+000  0.000000000000000E+000  0.000000000000000E+000
  0.000000000000000E+000  0.000000000000000E+000  0.000000000000000E+000
  0.000000000000000E+000  0.000000000000000E+000  0.000000000000000E+000
  0.000000000000000E+000  0.000000000000000E+000  0.000000000000000E+000
  0.000000000000000E+000  0.000000000000000E+000  0.000000000000000E+000
  0.000000000000000E+000  0.000000000000000E+000  0.000000000000000E+000
  0.000000000000000E+000  0.000000000000000E+000  0.000000000000000E+000
  0.000000000000000E+000  0.000000000000000E+000  0.000000000000000E+000
  0.000000000000000E+000  0.000000000000000E+000  0.000000000000000E+000
  0.000000000000000E+000  0.000000000000000E+000  0.000000000000000E+000
  0.000000000000000E+000  0.000000000000000E+000  0.000000000000000E+000
  0.000000000000000E+000  0.000000000000000E+000  0.000000000000000E+000
  0.000000000000000E+000  0.000000000000000E+000  0.000000000000000E+000
  0.000000000000000E+000  0.000000000000000E+000  0.000000000000000E+000
  0.000000000000000E+000  0.000000000000000E+000  0.000000000000000E+000
  0.000000000000000E+000  0.000000000000000E+000  0.000000000000000E+000
  0.000000000000000E+000  0.000000000000000E+000  0.000000000000000E+000
  0.000000000000000E+000  0.000000000000000E+000  0.000000000000000E+000
  0.000000000000000E+000  0.000000000000000E+000  0.000000000000000E+000
  0.000000000000000E+000  0.000000000000000E+000  0.000000000000000E+000
  0.000000000000000E+000  0.000000000000000E+000  0.000000000000000E+000
  0.000000000000000E+000  0.000000000000000E+000  0.000000000000000E+000
  0.000000000000000E+000  0.000000000000000E+000  0.000000000000000E+000
  0.000000000000000E+000  0.000000000000000E+000  0.000000000000000E+000
  0.000000000000000E+000  0.000000000000000E+000  0.000000000000000E+000
  0.000000000000000E+000  0.000000000000000E+000  0.000000000000000E+000
  0.000000000000000E+000  0.000000000000000E+000  0.000000000000000E+000
  0.000000000000000E+000  0.000000000000000E+000  0.000000000000000E+000
  0.000000000000000E+000  0.000000000000000E+000  0.000000000000000E+000
  0.000000000000000E+000  0.000000000000000E+000  0.000000000000000E+000
  0.000000000000000E+000  0.000000000000000E+000  0.000000000000000E+000
  0.000000000000000E+000  0.000000000000000E+000  0.000000000000000E+000
  0.000000000000000E+000  0.000000000000000E+000  0.000000000000000E+000
  0.000000000000000E+000  0.000000000000000E+000  0.000000000000000E+000
  0.000000000000000E+000  0.000000000000000E+000  0.000000000000000E+000
  0.000000000000000E+000  0.000000000000000E+000  0.000000000000000E+000
  0.000000000000000E+000  0.000000000000000E+000  0.000000000000000E+000
  0.000000000000000E+000  0.000000000000000E+000  0.000000000000000E+000
  0.000000000000000E+000  0.000000000000000E+000  0.000000000000000E+000
  0.000000000000000E+000  0.000000000000000E+000  0.000000000000000E+000
  0.000000000000000E+000  0.000000000000000E+000  0.000000000000000E+000
