    0.0000  172.4727
    0.0156  165.9265
    0.0312  159.0870
    0.0468  151.9632
    0.0624  144.5644
    0.0780  136.9016
    0.0936  128.9862
    0.1092  120.8307
    0.1247  112.4486
    0.1403  103.8541
    0.1559   95.0621
    0.1715   86.0884
    0.1871   76.9478
    0.2027   67.6606
    0.2183   58.2418
    0.2339   48.7097
    0.2495   39.0826
    0.2651   29.3791
    0.2807   19.6181
    0.2963    9.8187
    0.3119   -0.0000
    0.3311   11.3539
    0.3504   23.9022
    0.3696   36.1848
    0.3888   48.3929
    0.4081   60.5641
    0.4273   72.7075
    0.4466   84.3421
    0.4658   95.6624
    0.4851  106.6798
    0.5043  117.3528
    0.5236  127.6406
    0.5428  137.5041
    0.5620  146.9073
    0.5813  155.8176
    0.6005  164.2074
    0.6198  172.0538
    0.6390  179.3400
    0.6583  186.0551
    0.6775  192.1947
    0.6968  197.7571
    0.7160  202.7475
    0.7353  207.1740
    0.7545  211.0466
    0.7737  214.3763
    0.7930  217.1744
    0.8122  219.4502
    0.8315  221.2124
    0.8507  222.4668
    0.8700  223.2179
    0.8892  223.4680
    0.9225  226.8846
    0.9559  236.6279
    0.9892  251.3847
    1.0225  269.4723
    1.0559  289.1723
    1.0892  308.7687
    1.1225  324.3950
    1.1559  333.0187
    1.1892  341.6322
    1.2225  350.6530
    1.2448  344.2987
    1.2670  337.4136
    1.2892  330.0043
    1.3114  322.0788
    1.3337  313.6475
    1.3559  304.7226
    1.3781  295.3183
    1.4003  285.4507
    1.4225  275.1375
    1.4448  264.3989
    1.4670  253.2556
    1.4892  241.7317
    1.5114  229.8526
    1.5337  217.6455
    1.5559  205.1394
    1.5781  192.3640
    1.6003  179.3494
    1.6225  166.1261
    1.6448  152.7236
    1.6670  139.1696
    1.6892  125.4903
    1.7114  111.7090
    1.7337   97.8473
    1.7559   83.9208
    1.7781   69.9426
    1.8003   55.9211
    1.8225   41.8536
    1.8448   27.7141
    1.8670   13.3382
    1.8892   -0.0000

    0.0000  172.4727
    0.0156  165.9265
    0.0312  159.0871
    0.0468  151.9632
    0.0624  144.5645
    0.0780  136.9016
    0.0936  128.9862
    0.1092  120.8307
    0.1247  112.4486
    0.1403  103.8541
    0.1559   95.0621
    0.1715   86.0884
    0.1871   76.9479
    0.2027   67.6607
    0.2183   58.2418
    0.2339   48.7097
    0.2495   39.0826
    0.2651   29.3791
    0.2807   19.6181
    0.2963    9.8187
    0.3119   -0.0000
    0.3311   12.3305
    0.3504   24.6268
    0.3696   36.8543
    0.3888   48.9773
    0.4081   60.9589
    0.4273   72.7607
    0.4466   84.8240
    0.4658   96.9104
    0.4851  108.9610
    0.5043  120.9661
    0.5236  132.9142
    0.5428  144.7907
    0.5620  156.5785
    0.5813  168.2571
    0.6005  179.8043
    0.6198  191.1929
    0.6390  202.3922
    0.6583  213.3673
    0.6775  224.0772
    0.6968  234.4744
    0.7160  244.5023
    0.7353  254.0928
    0.7545  263.1622
    0.7737  271.6062
    0.7930  279.2933
    0.8122  286.0572
    0.8315  291.6970
    0.8507  295.9796
    0.8700  298.6717
    0.8892  299.5921
    0.9225  300.1046
    0.9559  301.6553
    0.9892  304.2784
    1.0225  308.0139
    1.0559  312.8957
    1.0892  319.0156
    1.1225  328.5734
    1.1559  342.7041
    1.1892  352.3171
    1.2225  350.6530
    1.2448  354.0531
    1.2670  350.5011
    1.2892  345.1516
    1.3114  338.4540
    1.3337  330.6988
    1.3559  322.0752
    1.3781  312.7044
    1.4003  302.6649
    1.4225  292.0101
    1.4448  280.7808
    1.4670  269.0122
    1.4892  256.7392
    1.5114  243.9982
    1.5337  230.8295
    1.5559  217.2771
    1.5781  203.3885
    1.6003  189.2149
    1.6225  174.8102
    1.6448  160.2292
    1.6670  145.5265
    1.6892  130.7549
    1.7114  115.9629
    1.7337  101.1941
    1.7559   86.4828
    1.7781   71.8536
    1.8003   57.3207
    1.8225   42.8849
    1.8448   28.5354
    1.8670   14.2505
    1.8892    0.0000

    0.0000  172.4727
    0.0156  178.7182
    0.0312  184.6563
    0.0468  190.2809
    0.0624  195.5885
    0.0780  200.5751
    0.0936  205.2377
    0.1092  209.5747
    0.1247  212.7867
    0.1403  195.7465
    0.1559  178.5290
    0.1715  161.1492
    0.1871  143.6214
    0.2027  125.9627
    0.2183  108.1868
    0.2339   90.3104
    0.2495   72.3500
    0.2651   54.3219
    0.2807   36.2429
    0.2963   18.1300
    0.3119    0.0000
    0.3311   22.7349
    0.3504   44.8093
    0.3696   66.9256
    0.3888   88.9480
    0.4081  110.8132
    0.4273  132.4700
    0.4466  153.8727
    0.4658  174.9777
    0.4851  195.7436
    0.5043  216.1292
    0.5236  236.0966
    0.5428  255.6099
    0.5620  274.6355
    0.5813  289.7682
    0.6005  295.1937
    0.6198  300.4312
    0.6390  305.4205
    0.6583  310.1104
    0.6775  314.4579
    0.6968  318.4296
    0.7160  322.0015
    0.7353  325.1595
    0.7545  327.8986
    0.7737  330.2226
    0.7930  332.1426
    0.8122  333.6750
    0.8315  334.8388
    0.8507  335.6533
    0.8700  336.1349
    0.8892  336.2940
    0.9225  338.5949
    0.9559  345.2112
    0.9892  355.2886
    1.0225  367.1919
    1.0559  376.3930
    1.0892  376.6243
    1.1225  372.4354
    1.1559  366.4695
    1.1892  359.1778
    1.2225  355.5130
    1.2448  356.9499
    1.2670  363.1360
    1.2892  369.3553
    1.3114  375.4963
    1.3337  381.4823
    1.3559  387.2303
    1.3781  392.6417
    1.4003  390.0231
    1.4225  381.5727
    1.4448  372.8502
    1.4670  363.8691
    1.4892  354.6310
    1.5114  345.1050
    1.5337  335.1595
    1.5559  324.3492
    1.5781  311.5946
    1.6003  296.1602
    1.6225  278.6844
    1.6448  259.7972
    1.6670  239.7780
    1.6892  218.7664
    1.7114  196.8580
    1.7337  174.1392
    1.7559  150.6945
    1.7781  126.6143
    1.8003  101.9968
    1.8225   76.9480
    1.8448   51.5934
    1.8670   26.1262
    1.8892    0.0000

    0.0000  172.4727
    0.0156  178.7182
    0.0312  184.6563
    0.0468  190.2809
    0.0624  195.5886
    0.0780  200.5751
    0.0936  205.2378
    0.1092  209.5747
    0.1247  213.5849
    0.1403  217.2681
    0.1559  220.6243
    0.1715  223.6545
    0.1871  226.3593
    0.2027  228.7410
    0.2183  230.8008
    0.2339  232.5402
    0.2495  233.9611
    0.2651  235.0644
    0.2807  235.8515
    0.2963  236.3234
    0.3119  236.4807
    0.3311  236.8370
    0.3504  237.9005
    0.3696  239.6551
    0.3888  242.0731
    0.4081  245.1159
    0.4273  248.7340
    0.4466  252.8672
    0.4658  257.4468
    0.4851  262.3961
    0.5043  267.6332
    0.5236  273.0732
    0.5428  278.6309
    0.5620  284.2225
    0.5813  293.1425
    0.6005  311.1037
    0.6198  328.4934
    0.6390  345.2888
    0.6583  361.4692
    0.6775  377.0140
    0.6968  391.8996
    0.7160  406.0682
    0.7353  414.7516
    0.7545  412.2094
    0.7737  408.9869
    0.7930  405.5413
    0.8122  402.1587
    0.8315  399.1078
    0.8507  396.6569
    0.8700  395.0581
    0.8892  394.5011
    0.9225  394.1921
    0.9559  393.2874
    0.9892  391.9046
    1.0225  390.6040
    1.0559  392.6528
    1.0892  402.9940
    1.1225  415.7649
    1.1559  427.0516
    1.1892  435.1127
    1.2225  438.2449
    1.2448  436.7456
    1.2670  432.6980
    1.2892  427.0825
    1.3114  420.5821
    1.3337  413.5157
    1.3559  406.0262
    1.3781  398.1826
    1.4003  397.5878
    1.4225  401.8901
    1.4448  400.2225
    1.4670  389.0639
    1.4892  376.9652
    1.5114  364.0007
    1.5337  350.3481
    1.5559  336.5058
    1.5781  323.6148
    1.6003  312.4833
    1.6225  302.5601
    1.6448  293.3160
    1.6670  284.5868
    1.6892  276.3632
    1.7114  268.6936
    1.7337  261.6500
    1.7559  255.3142
    1.7781  249.7707
    1.8003  245.1019
    1.8225  241.3825
    1.8448  238.6763
    1.8670  237.0321
    1.8892  236.4807

    0.0000  341.0737
    0.0156  325.9437
    0.0312  310.5281
    0.0468  294.8409
    0.0624  278.8948
    0.0780  262.7030
    0.0936  246.2788
    0.1092  229.6355
    0.1247  213.5849
    0.1403  217.2681
    0.1559  220.6243
    0.1715  223.6546
    0.1871  226.3593
    0.2027  228.7411
    0.2183  230.8008
    0.2339  232.5402
    0.2495  233.9611
    0.2651  235.0644
    0.2807  235.8515
    0.2963  236.3234
    0.3119  236.4807
    0.3311  237.6589
    0.3504  241.1415
    0.3696  246.7791
    0.3888  254.3463
    0.4081  263.5691
    0.4273  274.1514
    0.4466  285.7971
    0.4658  298.2246
    0.4851  311.1736
    0.5043  324.4064
    0.5236  337.7033
    0.5428  350.8544
    0.5620  363.6458
    0.5813  375.8399
    0.6005  387.1516
    0.6198  397.2205
    0.6390  405.6095
    0.6583  411.8729
    0.6775  415.7337
    0.6968  417.2688
    0.7160  416.9205
    0.7353  419.9678
    0.7545  432.6130
    0.7737  444.6666
    0.7930  455.9376
    0.8122  466.3389
    0.8315  475.7399
    0.8507  483.8804
    0.8700  490.1131
    0.8892  492.7319
    0.9225  491.8046
    0.9559  489.0805
    0.9892  484.7306
    1.0225  479.0444
    1.0559  472.4489
    1.0892  465.5597
    1.1225  459.2778
    1.1559  454.9020
    1.1892  454.0031
    1.2225  457.5191
    1.2448  454.3344
    1.2670  451.8134
    1.2892  449.0241
    1.3114  445.3635
    1.3337  440.6066
    1.3559  434.7058
    1.3781  427.6792
    1.4003  419.5645
    1.4225  410.4005
    1.4448  405.2938
    1.4670  407.4416
    1.4892  407.8801
    1.5114  406.1476
    1.5337  401.9517
    1.5559  395.3111
    1.5781  386.5169
    1.6003  375.9758
    1.6225  364.0866
    1.6448  351.1979
    1.6670  337.6144
    1.6892  323.6215
    1.7114  309.5078
    1.7337  295.5847
    1.7559  282.2005
    1.7781  269.7467
    1.8003  258.6550
    1.8225  249.3784
    1.8448  242.3584
    1.8670  237.9730
    1.8892  236.4807

    0.0000  341.0737
    0.0156  355.9046
    0.0312  370.4218
    0.0468  384.6086
    0.0624  398.4507
    0.0780  411.9274
    0.0936  425.0168
    0.1092  437.6936
    0.1247  449.9275
    0.1403  461.6821
    0.1559  472.9131
    0.1715  483.5667
    0.1871  493.5761
    0.2027  502.8606
    0.2183  511.3215
    0.2339  518.8429
    0.2495  525.2915
    0.2651  530.5227
    0.2807  534.3919
    0.2963  536.7726
    0.3119  537.5768
    0.3311  537.2493
    0.3504  536.2768
    0.3696  534.6879
    0.3888  532.5264
    0.4081  529.8469
    0.4273  526.7113
    0.4466  523.1860
    0.4658  519.3415
    0.4851  515.2529
    0.5043  511.0015
    0.5236  506.6785
    0.5428  502.3904
    0.5620  498.2681
    0.5813  494.4799
    0.6005  491.2513
    0.6198  488.8816
    0.6390  487.7411
    0.6583  488.1948
    0.6775  490.4181
    0.6968  494.2103
    0.7160  499.0103
    0.7353  504.1058
    0.7545  508.8252
    0.7737  512.6251
    0.7930  515.1211
    0.8122  516.1046
    0.8315  515.5606
    0.8507  513.7116
    0.8700  511.2293
    0.8892  509.8553
    0.9225  509.1248
    0.9559  506.9695
    0.9892  503.4908
    1.0225  498.8321
    1.0559  493.1563
    1.0892  486.6325
    1.1225  479.4401
    1.1559  471.8097
    1.1892  464.1650
    1.2225  457.5191
    1.2448  461.9813
    1.2670  467.4478
    1.2892  473.2421
    1.3114  478.7623
    1.3337  483.5216
    1.3559  487.1515
    1.3781  489.4123
    1.4003  490.2183
    1.4225  489.6663
    1.4448  488.0557
    1.4670  485.8840
    1.4892  483.7999
    1.5114  482.4770
    1.5337  482.4096
    1.5559  483.7569
    1.5781  486.3770
    1.6003  489.9876
    1.6225  494.2968
    1.6448  499.0542
    1.6670  504.0551
    1.6892  509.1293
    1.7114  514.1303
    1.7337  518.9269
    1.7559  523.3973
    1.7781  527.4279
    1.8003  530.9113
    1.8225  533.7477
    1.8448  535.8481
    1.8670  537.1404
    1.8892  537.5768

    0.0000  646.2720
    0.0156  645.7813
    0.0312  645.3065
    0.0468  644.8505
    0.0624  644.4157
    0.0780  644.0044
    0.0936  643.6184
    0.1092  643.2588
    0.1247  642.9268
    0.1403  642.6229
    0.1559  642.3474
    0.1715  642.1004
    0.1871  641.8814
    0.2027  641.6906
    0.2183  641.5268
    0.2339  641.3896
    0.2495  641.2790
    0.2651  641.1932
    0.2807  641.1324
    0.2963  641.0960
    0.3119  641.0840
    0.3311  599.2220
    0.3504  599.2424
    0.3696  599.2788
    0.3888  599.3348
    0.4081  599.4158
    0.4273  599.5281
    0.4466  599.6794
    0.4658  599.8790
    0.4851  600.1370
    0.5043  600.4640
    0.5236  600.8712
    0.5428  601.3693
    0.5620  601.9687
    0.5813  602.6783
    0.6005  603.5052
    0.6198  604.4531
    0.6390  605.5223
    0.6583  606.7084
    0.6775  608.0018
    0.6968  609.3887
    0.7160  610.8517
    0.7353  612.3729
    0.7545  613.9358
    0.7737  615.5225
    0.7930  617.1038
    0.8122  618.6236
    0.8315  619.9915
    0.8507  621.0920
    0.8700  621.8097
    0.8892  622.0592
    0.9225  622.0586
    0.9559  622.1092
    0.9892  622.3224
    1.0225  622.8034
    1.0559  623.6269
    1.0892  624.8300
    1.1225  626.4015
    1.1559  628.2705
    1.1892  630.2936
    1.2225  632.2478
    1.2448  631.0185
    1.2670  629.7138
    1.2892  628.2723
    1.3114  626.6632
    1.3337  624.8861
    1.3559  622.9642
    1.3781  620.9357
    1.4003  618.8457
    1.4225  616.7407
    1.4448  614.6651
    1.4670  612.6587
    1.4892  610.7556
    1.5114  608.9824
    1.5337  607.3599
    1.5559  605.9019
    1.5781  604.6153
    1.6003  603.5006
    1.6225  602.5535
    1.6448  601.7644
    1.6670  601.1201
    1.6892  600.6051
    1.7114  600.2023
    1.7337  599.8947
    1.7559  599.6653
    1.7781  599.4986
    1.8003  599.3814
    1.8225  599.3020
    1.8448  599.2518
    1.8670  599.2243
    1.8892  599.2155

    0.0000  646.2720
    0.0156  645.7813
    0.0312  645.3065
    0.0468  644.8505
    0.0624  644.4157
    0.0780  644.0045
    0.0936  643.6184
    0.1092  643.2588
    0.1247  642.9268
    0.1403  642.6229
    0.1559  642.3474
    0.1715  642.1004
    0.1871  641.8814
    0.2027  641.6906
    0.2183  641.5268
    0.2339  641.3896
    0.2495  641.2790
    0.2651  641.1932
    0.2807  641.1324
    0.2963  641.0960
    0.3119  641.0840
    0.3311  641.0636
    0.3504  641.0065
    0.3696  640.9265
    0.3888  640.8397
    0.4081  640.7632
    0.4273  640.7112
    0.4466  640.6933
    0.4658  640.7139
    0.4851  640.7729
    0.5043  640.8661
    0.5236  640.9862
    0.5428  641.1239
    0.5620  641.2688
    0.5813  641.4102
    0.6005  641.5381
    0.6198  641.6442
    0.6390  641.7221
    0.6583  641.7694
    0.6775  641.7866
    0.6968  641.7774
    0.7160  641.7483
    0.7353  641.7069
    0.7545  641.6608
    0.7737  641.6163
    0.7930  641.5778
    0.8122  641.5474
    0.8315  641.5257
    0.8507  641.5116
    0.8700  641.5041
    0.8892  641.5017
    0.9225  642.6173
    0.9559  645.7985
    0.9892  650.6190
    1.0225  648.0871
    1.0559  644.9757
    1.0892  641.8300
    1.1225  638.8776
    1.1559  636.2966
    1.1892  634.1318
    1.2225  632.2478
    1.2448  633.3723
    1.2670  634.2560
    1.2892  634.8460
    1.3114  635.1546
    1.3337  635.2867
    1.3559  635.4335
    1.3781  635.8257
    1.4003  636.6664
    1.4225  638.0738
    1.4448  640.0603
    1.4670  642.5443
    1.4892  645.3819
    1.5114  648.3985
    1.5337  651.4043
    1.5559  654.1655
    1.5781  653.8678
    1.6003  651.8325
    1.6225  650.0029
    1.6448  648.3761
    1.6670  646.9458
    1.6892  645.7028
    1.7114  644.6365
    1.7337  643.7348
    1.7559  642.9855
    1.7781  642.3762
    1.8003  641.8957
    1.8225  641.5336
    1.8448  641.2815
    1.8670  641.1329
    1.8892  641.0840

    0.0000  646.2720
    0.0156  646.7754
    0.0312  647.2878
    0.0468  647.8055
    0.0624  648.3245
    0.0780  648.8405
    0.0936  649.3494
    0.1092  649.8466
    0.1247  650.3280
    0.1403  650.7892
    0.1559  651.2262
    0.1715  651.6348
    0.1871  652.0108
    0.2027  652.3519
    0.2183  652.6543
    0.2339  652.9152
    0.2495  653.1320
    0.2651  653.3029
    0.2807  653.4261
    0.2963  653.5004
    0.3119  653.5253
    0.3311  641.4127
    0.3504  642.3803
    0.3696  643.9289
    0.3888  645.9677
    0.4081  648.3783
    0.4273  651.0216
    0.4466  653.7434
    0.4658  655.0586
    0.4851  655.1657
    0.5043  655.2119
    0.5236  655.2018
    0.5428  655.1455
    0.5620  655.0573
    0.5813  654.9542
    0.6005  654.8549
    0.6198  654.7769
    0.6390  654.7356
    0.6583  654.7425
    0.6775  654.8040
    0.6968  654.9202
    0.7160  654.1299
    0.7353  653.4027
    0.7545  653.2042
    0.7737  653.5760
    0.7930  654.4590
    0.8122  655.6794
    0.8315  656.4231
    0.8507  656.5665
    0.8700  656.6563
    0.8892  656.6869
    0.9225  655.5324
    0.9559  653.4651
    0.9892  650.9608
    1.0225  656.5077
    1.0559  662.8388
    1.0892  669.0097
    1.1225  674.5127
    1.1559  677.7187
    1.1892  680.5086
    1.2225  683.3014
    1.2448  680.8238
    1.2670  678.2184
    1.2892  675.8534
    1.3114  673.7938
    1.3337  672.0290
    1.3559  670.4954
    1.3781  669.1096
    1.4003  667.7997
    1.4225  666.5202
    1.4448  665.2505
    1.4670  663.9867
    1.4892  662.7355
    1.5114  661.1579
    1.5337  658.5412
    1.5559  656.1061
    1.5781  656.1088
    1.6003  656.1344
    1.6225  655.3342
    1.6448  654.4365
    1.6670  653.5451
    1.6892  652.6617
    1.7114  651.7453
    1.7337  650.7099
    1.7559  649.4278
    1.7781  647.8043
    1.8003  645.9229
    1.8225  644.0485
    1.8448  642.4788
    1.8670  641.4439
    1.8892  641.0840

    0.0000  646.2720
    0.0156  646.7754
    0.0312  647.2878
    0.0468  647.8055
    0.0624  648.3245
    0.0780  648.8405
    0.0936  649.3494
    0.1092  649.8466
    0.1247  650.3280
    0.1403  650.7893
    0.1559  651.2262
    0.1715  651.6348
    0.1871  652.0108
    0.2027  652.3519
    0.2183  652.6543
    0.2339  652.9152
    0.2495  653.1320
    0.2651  653.3029
    0.2807  653.4261
    0.2963  653.5005
    0.3119  653.5253
    0.3311  653.5727
    0.3504  653.7083
    0.3696  653.9133
    0.3888  654.1618
    0.4081  654.4251
    0.4273  654.6762
    0.4466  654.8927
    0.4658  656.3814
    0.4851  658.7740
    0.5043  660.7723
    0.5236  662.2571
    0.5428  663.1547
    0.5620  663.4479
    0.5813  663.1727
    0.6005  662.4077
    0.6198  661.2566
    0.6390  659.8372
    0.6583  658.2767
    0.6775  656.7096
    0.6968  655.2785
    0.7160  655.0863
    0.7353  655.2926
    0.7545  655.5260
    0.7737  655.7712
    0.7930  656.0125
    0.8122  656.2345
    0.8315  656.9775
    0.8507  658.0860
    0.8700  658.8113
    0.8892  659.0604
    0.9225  660.2080
    0.9559  662.2271
    0.9892  664.5796
    1.0225  667.1446
    1.0559  669.7974
    1.0892  672.4413
    1.1225  675.0579
    1.1559  678.9939
    1.1892  682.2691
    1.2225  683.3014
    1.2448  684.8648
    1.2670  685.8249
    1.2892  685.9144
    1.3114  685.0784
    1.3337  683.4553
    1.3559  681.2507
    1.3781  678.6525
    1.4003  675.8095
    1.4225  672.8361
    1.4448  669.8214
    1.4670  666.8355
    1.4892  663.9334
    1.5114  661.5121
    1.5337  660.3455
    1.5559  659.3172
    1.5781  658.8585
    1.6003  659.9346
    1.6225  661.3274
    1.6448  662.1958
    1.6670  662.3560
    1.6892  661.7853
    1.7114  660.5840
    1.7337  658.9787
    1.7559  657.2980
    1.7781  655.8690
    1.8003  654.8474
    1.8225  654.1915
    1.8448  653.7984
    1.8670  653.5904
    1.8892  653.5253

    0.0000  807.3515
    0.0156  802.1179
    0.0312  796.6956
    0.0468  791.0983
    0.0624  785.3429
    0.0780  779.4483
    0.0936  773.4370
    0.1092  767.3356
    0.1247  761.1761
    0.1403  754.9968
    0.1559  748.8443
    0.1715  742.7754
    0.1871  736.8586
    0.2027  731.1786
    0.2183  725.8349
    0.2339  720.9468
    0.2495  716.6496
    0.2651  713.0896
    0.2807  710.4130
    0.2963  708.7474
    0.3119  708.1816
    0.3311  708.1240
    0.3504  707.9546
    0.3696  707.6834
    0.3888  707.3271
    0.4081  706.9105
    0.4273  706.4663
    0.4466  706.0356
    0.4658  705.6662
    0.4851  705.4092
    0.5043  705.3094
    0.5236  705.3934
    0.5428  705.6563
    0.5620  706.0553
    0.5813  706.5147
    0.6005  706.9432
    0.6198  707.2512
    0.6390  707.3677
    0.6583  707.2501
    0.6775  706.8871
    0.6968  706.3020
    0.7160  705.5537
    0.7353  704.7394
    0.7545  703.9983
    0.7737  703.5155
    0.7930  703.5204
    0.8122  704.2631
    0.8315  705.9436
    0.8507  708.5549
    0.8700  711.5325
    0.8892  713.0870
    0.9225  712.7250
    0.9559  711.6496
    0.9892  709.8909
    1.0225  707.4949
    1.0559  704.5193
    1.0892  701.0311
    1.1225  697.1095
    1.1559  692.8586
    1.1892  688.4490
    1.2225  685.1802
    1.2448  685.8107
    1.2670  686.5266
    1.2892  687.1806
    1.3114  687.8955
    1.3337  688.7968
    1.3559  689.9701
    1.3781  691.4410
    1.4003  693.1750
    1.4225  695.0905
    1.4448  697.0808
    1.4670  699.0317
    1.4892  700.8347
    1.5114  702.3964
    1.5337  703.6471
    1.5559  704.5471
    1.5781  705.0941
    1.6003  705.3277
    1.6225  705.3299
    1.6448  705.2147
    1.6670  705.1057
    1.6892  705.1058
    1.7114  705.2701
    1.7337  705.5989
    1.7559  706.0502
    1.7781  706.5628
    1.8003  707.0735
    1.8225  707.5271
    1.8448  707.8809
    1.8670  708.1049
    1.8892  708.1816

    0.0000  807.3515
    0.0156  812.3841
    0.0312  817.2048
    0.0468  821.8046
    0.0624  826.1751
    0.0780  830.3092
    0.0936  834.2005
    0.1092  837.8434
    0.1247  841.2330
    0.1403  844.3649
    0.1559  847.2355
    0.1715  849.8423
    0.1871  852.1805
    0.2027  854.2492
    0.2183  856.0459
    0.2339  857.5690
    0.2495  858.8170
    0.2651  859.7888
    0.2807  860.4835
    0.2963  860.9006
    0.3119  861.0397
    0.3311  884.1249
    0.3504  883.4397
    0.3696  882.3034
    0.3888  880.7241
    0.4081  878.7133
    0.4273  876.2837
    0.4466  873.4500
    0.4658  870.2278
    0.4851  866.6329
    0.5043  862.6792
    0.5236  858.3791
    0.5428  853.7424
    0.5620  848.7756
    0.5813  843.4818
    0.6005  837.8614
    0.6198  831.9121
    0.6390  825.6305
    0.6583  819.0141
    0.6775  812.0628
    0.6968  804.7818
    0.7160  797.1849
    0.7353  789.2977
    0.7545  781.1619
    0.7737  772.8415
    0.7930  764.4316
    0.8122  756.0727
    0.8315  747.9841
    0.8507  740.5490
    0.8700  734.5925
    0.8892  732.0333
    0.9225  731.7720
    0.9559  731.0099
    0.9892  729.8074
    1.0225  728.2506
    1.0559  726.4355
    1.0892  724.4580
    1.1225  722.4171
    1.1559  720.4498
    1.1892  718.8164
    1.2225  718.0707
    1.2448  718.5565
    1.2670  720.2741
    1.2892  723.5028
    1.3114  728.2616
    1.3337  734.3424
    1.3559  741.4533
    1.3781  749.3174
    1.4003  757.7028
    1.4225  766.4214
    1.4448  775.3209
    1.4670  784.2767
    1.4892  793.1841
    1.5114  801.9550
    1.5337  810.5135
    1.5559  818.7939
    1.5781  826.7384
    1.6003  834.2968
    1.6225  841.4250
    1.6448  848.0849
    1.6670  854.2440
    1.6892  859.8750
    1.7114  864.9552
    1.7337  869.4674
    1.7559  873.3975
    1.7781  876.7351
    1.8003  879.4731
    1.8225  881.6066
    1.8448  883.1323
    1.8670  884.0484
    1.8892  884.3538

